{
 "cells": [
  {
   "cell_type": "code",
   "execution_count": 14,
   "metadata": {},
   "outputs": [],
   "source": [
    "using GLMakie\n",
    "GLMakie.activate!()\n",
    "xs = range(-1, 1, length=10)\n",
    "heights = 1:5\n",
    "\n",
    "data = reshape(heights, 1, 1, :) .* (xs .^ 2 .+ xs' .^ 2);\n",
    "\n",
    "fig = Figure()\n",
    "ax = Axis3(fig[1, 1], aspect=(1, 1, 1), elevation=π/16)\n",
    "\n",
    "cr = extrema(data) # color range to use for all heatmaps\n",
    "cr = \n",
    "for i in 1:size(data, 3)\n",
    "    hm = heatmap!(ax, xs, xs, data[:, :, i], colorrange=cr, transparency=true, colormap=(:viridis, 0.5))\n",
    "    translate!(hm, 0, 0, heights[i])\n",
    "    \n",
    "    i == 1 && Colorbar(fig[1, 2], hm) # add the colorbar once\n",
    "end\n",
    "\n",
    "zlims!(ax, minimum(heights), maximum(heights))\n",
    "fig"
   ]
  },
  {
   "cell_type": "code",
   "execution_count": 15,
   "metadata": {},
   "outputs": [
    {
     "name": "stderr",
     "output_type": "stream",
     "text": [
      "┌ Warning: Encountered an `AbstractVector` with value 1:10 on side x in `convert_arguments` for the `ImageLike` trait.\n",
      "│         Using an `AbstractVector` to specify one dimension of an `ImageLike` is deprecated because `ImageLike` sides always need exactly two values, start and stop.\n",
      "│         Use interval notation `start .. stop` or a two-element tuple `(start, stop)` instead.\n",
      "└ @ Makie /Users/ben/.julia/packages/Makie/YkotL/src/conversions.jl:416\n",
      "┌ Warning: Encountered an `AbstractVector` with value 1:10 on side y in `convert_arguments` for the `ImageLike` trait.\n",
      "│         Using an `AbstractVector` to specify one dimension of an `ImageLike` is deprecated because `ImageLike` sides always need exactly two values, start and stop.\n",
      "│         Use interval notation `start .. stop` or a two-element tuple `(start, stop)` instead.\n",
      "└ @ Makie /Users/ben/.julia/packages/Makie/YkotL/src/conversions.jl:416\n",
      "┌ Warning: Encountered an `AbstractVector` with value 1:10 on side z in `convert_arguments` for the `ImageLike` trait.\n",
      "│         Using an `AbstractVector` to specify one dimension of an `ImageLike` is deprecated because `ImageLike` sides always need exactly two values, start and stop.\n",
      "│         Use interval notation `start .. stop` or a two-element tuple `(start, stop)` instead.\n",
      "└ @ Makie /Users/ben/.julia/packages/Makie/YkotL/src/conversions.jl:416\n"
     ]
    }
   ],
   "source": [
    "using GLMakie, ColorSchemes\n",
    "GLMakie.activate!()\n",
    "GLMakie.closeall() # close any open screen\n",
    "\n",
    "x = y = z = 1:10\n",
    "f(x, y, z) = x^2 + y^2 + z^2\n",
    "vol = [f(ix, iy, iz) for ix in x, iy in y, iz in z]\n",
    "fig, ax, _ = volume(x, y, z, vol;\n",
    "    colorrange = (minimum(vol), maximum(vol)),\n",
    "    colormap = :Egypt, transparency = true,\n",
    "    figure = (; size = (1200, 800)),\n",
    "    axis = (;\n",
    "        type = Axis3,\n",
    "        perspectiveness = 0.5,\n",
    "        azimuth = 2.19,\n",
    "        elevation = 0.57,\n",
    "        aspect = (1, 1, 1)\n",
    "        )\n",
    "    )\n",
    "fig"
   ]
  },
  {
   "cell_type": "code",
   "execution_count": 17,
   "metadata": {},
   "outputs": [
    {
     "ename": "UndefVarError",
     "evalue": "UndefVarError: `ndgrid` not defined in `Main`\nSuggestion: check for spelling errors or missing imports.",
     "output_type": "error",
     "traceback": [
      "UndefVarError: `ndgrid` not defined in `Main`\n",
      "Suggestion: check for spelling errors or missing imports.\n",
      "\n",
      "Stacktrace:\n",
      " [1] top-level scope\n",
      "   @ ~/Desktop/Workspace/mines/inversion-GPGN509/hw7/jl_notebook_cell_df34fa98e69747e1a8f8a730347b8e2f_X16sZmlsZQ==.jl:7"
     ]
    }
   ],
   "source": [
    "# Define ranges\n",
    "using La\n",
    "x = -5:0.5:5\n",
    "y = -5:0.5:5\n",
    "z = -5:0.5:5\n",
    "\n",
    "# Create grid\n",
    "X, Y, Z = ndgrid(x, y, z)\n",
    "g = sin.(sqrt.(X.^2 .+ Y.^2)) .* cos.(Z)\n",
    "vol = g\n",
    "fig, ax, _ = volume(x, y, z, vol;\n",
    "    colorrange = (minimum(vol), maximum(vol)),\n",
    "    colormap = :Egypt, transparency = true,\n",
    "    figure = (; size = (1200, 800)),\n",
    "    axis = (;\n",
    "        type = Axis3,\n",
    "        perspectiveness = 0.5,\n",
    "        azimuth = 2.19,\n",
    "        elevation = 0.57,\n",
    "        aspect = (1, 1, 1)\n",
    "        )\n",
    "    )\n",
    "fig"
   ]
  },
  {
   "cell_type": "code",
   "execution_count": 16,
   "metadata": {},
   "outputs": [
    {
     "data": {
      "text/plain": [
       "10×10×10 Array{Int64, 3}:\n",
       "[:, :, 1] =\n",
       "   3    6   11   18   27   38   51   66   83  102\n",
       "   6    9   14   21   30   41   54   69   86  105\n",
       "  11   14   19   26   35   46   59   74   91  110\n",
       "  18   21   26   33   42   53   66   81   98  117\n",
       "  27   30   35   42   51   62   75   90  107  126\n",
       "  38   41   46   53   62   73   86  101  118  137\n",
       "  51   54   59   66   75   86   99  114  131  150\n",
       "  66   69   74   81   90  101  114  129  146  165\n",
       "  83   86   91   98  107  118  131  146  163  182\n",
       " 102  105  110  117  126  137  150  165  182  201\n",
       "\n",
       "[:, :, 2] =\n",
       "   6    9   14   21   30   41   54   69   86  105\n",
       "   9   12   17   24   33   44   57   72   89  108\n",
       "  14   17   22   29   38   49   62   77   94  113\n",
       "  21   24   29   36   45   56   69   84  101  120\n",
       "  30   33   38   45   54   65   78   93  110  129\n",
       "  41   44   49   56   65   76   89  104  121  140\n",
       "  54   57   62   69   78   89  102  117  134  153\n",
       "  69   72   77   84   93  104  117  132  149  168\n",
       "  86   89   94  101  110  121  134  149  166  185\n",
       " 105  108  113  120  129  140  153  168  185  204\n",
       "\n",
       "[:, :, 3] =\n",
       "  11   14   19   26   35   46   59   74   91  110\n",
       "  14   17   22   29   38   49   62   77   94  113\n",
       "  19   22   27   34   43   54   67   82   99  118\n",
       "  26   29   34   41   50   61   74   89  106  125\n",
       "  35   38   43   50   59   70   83   98  115  134\n",
       "  46   49   54   61   70   81   94  109  126  145\n",
       "  59   62   67   74   83   94  107  122  139  158\n",
       "  74   77   82   89   98  109  122  137  154  173\n",
       "  91   94   99  106  115  126  139  154  171  190\n",
       " 110  113  118  125  134  145  158  173  190  209\n",
       "\n",
       "[:, :, 4] =\n",
       "  18   21   26   33   42   53   66   81   98  117\n",
       "  21   24   29   36   45   56   69   84  101  120\n",
       "  26   29   34   41   50   61   74   89  106  125\n",
       "  33   36   41   48   57   68   81   96  113  132\n",
       "  42   45   50   57   66   77   90  105  122  141\n",
       "  53   56   61   68   77   88  101  116  133  152\n",
       "  66   69   74   81   90  101  114  129  146  165\n",
       "  81   84   89   96  105  116  129  144  161  180\n",
       "  98  101  106  113  122  133  146  161  178  197\n",
       " 117  120  125  132  141  152  165  180  197  216\n",
       "\n",
       "[:, :, 5] =\n",
       "  27   30   35   42   51   62   75   90  107  126\n",
       "  30   33   38   45   54   65   78   93  110  129\n",
       "  35   38   43   50   59   70   83   98  115  134\n",
       "  42   45   50   57   66   77   90  105  122  141\n",
       "  51   54   59   66   75   86   99  114  131  150\n",
       "  62   65   70   77   86   97  110  125  142  161\n",
       "  75   78   83   90   99  110  123  138  155  174\n",
       "  90   93   98  105  114  125  138  153  170  189\n",
       " 107  110  115  122  131  142  155  170  187  206\n",
       " 126  129  134  141  150  161  174  189  206  225\n",
       "\n",
       "[:, :, 6] =\n",
       "  38   41   46   53   62   73   86  101  118  137\n",
       "  41   44   49   56   65   76   89  104  121  140\n",
       "  46   49   54   61   70   81   94  109  126  145\n",
       "  53   56   61   68   77   88  101  116  133  152\n",
       "  62   65   70   77   86   97  110  125  142  161\n",
       "  73   76   81   88   97  108  121  136  153  172\n",
       "  86   89   94  101  110  121  134  149  166  185\n",
       " 101  104  109  116  125  136  149  164  181  200\n",
       " 118  121  126  133  142  153  166  181  198  217\n",
       " 137  140  145  152  161  172  185  200  217  236\n",
       "\n",
       "[:, :, 7] =\n",
       "  51   54   59   66   75   86   99  114  131  150\n",
       "  54   57   62   69   78   89  102  117  134  153\n",
       "  59   62   67   74   83   94  107  122  139  158\n",
       "  66   69   74   81   90  101  114  129  146  165\n",
       "  75   78   83   90   99  110  123  138  155  174\n",
       "  86   89   94  101  110  121  134  149  166  185\n",
       "  99  102  107  114  123  134  147  162  179  198\n",
       " 114  117  122  129  138  149  162  177  194  213\n",
       " 131  134  139  146  155  166  179  194  211  230\n",
       " 150  153  158  165  174  185  198  213  230  249\n",
       "\n",
       "[:, :, 8] =\n",
       "  66   69   74   81   90  101  114  129  146  165\n",
       "  69   72   77   84   93  104  117  132  149  168\n",
       "  74   77   82   89   98  109  122  137  154  173\n",
       "  81   84   89   96  105  116  129  144  161  180\n",
       "  90   93   98  105  114  125  138  153  170  189\n",
       " 101  104  109  116  125  136  149  164  181  200\n",
       " 114  117  122  129  138  149  162  177  194  213\n",
       " 129  132  137  144  153  164  177  192  209  228\n",
       " 146  149  154  161  170  181  194  209  226  245\n",
       " 165  168  173  180  189  200  213  228  245  264\n",
       "\n",
       "[:, :, 9] =\n",
       "  83   86   91   98  107  118  131  146  163  182\n",
       "  86   89   94  101  110  121  134  149  166  185\n",
       "  91   94   99  106  115  126  139  154  171  190\n",
       "  98  101  106  113  122  133  146  161  178  197\n",
       " 107  110  115  122  131  142  155  170  187  206\n",
       " 118  121  126  133  142  153  166  181  198  217\n",
       " 131  134  139  146  155  166  179  194  211  230\n",
       " 146  149  154  161  170  181  194  209  226  245\n",
       " 163  166  171  178  187  198  211  226  243  262\n",
       " 182  185  190  197  206  217  230  245  262  281\n",
       "\n",
       "[:, :, 10] =\n",
       " 102  105  110  117  126  137  150  165  182  201\n",
       " 105  108  113  120  129  140  153  168  185  204\n",
       " 110  113  118  125  134  145  158  173  190  209\n",
       " 117  120  125  132  141  152  165  180  197  216\n",
       " 126  129  134  141  150  161  174  189  206  225\n",
       " 137  140  145  152  161  172  185  200  217  236\n",
       " 150  153  158  165  174  185  198  213  230  249\n",
       " 165  168  173  180  189  200  213  228  245  264\n",
       " 182  185  190  197  206  217  230  245  262  281\n",
       " 201  204  209  216  225  236  249  264  281  300"
      ]
     },
     "metadata": {},
     "output_type": "display_data"
    }
   ],
   "source": [
    "vol"
   ]
  }
 ],
 "metadata": {
  "kernelspec": {
   "display_name": "Julia 1.11.1",
   "language": "julia",
   "name": "julia-1.11"
  },
  "language_info": {
   "file_extension": ".jl",
   "mimetype": "application/julia",
   "name": "julia",
   "version": "1.11.1"
  }
 },
 "nbformat": 4,
 "nbformat_minor": 2
}
