camera_matrix:
- - 382.87261459966294
  - 0.0
  - 190.76846405648294
- - 0.0
  - 382.6411885735041
  - 248.907315136792
- - 0.0
  - 0.0
  - 1.0
dist_coeff:
- - 0.17864530889074567
  - -0.5438897866020638
  - -0.0005973143781416666
  - 0.0018941807210840311
  - 0.4281463665784065
